5
24 -142 -22 -67 -174 -56 122
15
4 182 -25 182 157 -200 157 -200 -25
4 -112 -82 -112 121 -60 121 -60 -82
4 -70 -94 -70 -4 -145 -4 -145 -94
4 -106 -135 -106 -62 70 -62 70 -135
4 -189 -23 -189 -5 -162 -5 -162 -23
4 -173 -197 -173 -29 6 -29 6 -197
4 -164 -31 -164 128 101 128 101 -31
4 80 -114 80 55 55 55 55 -114
4 87 -95 87 -40 -129 -40 -129 -95
4 -93 89 -93 111 -84 111 -84 89
4 -182 85 -182 125 -181 125 -181 85
4 0 46 0 195 -37 195 -37 46
4 -60 67 -60 93 183 93 183 67
4 4 -175 4 187 -4 187 -4 -175
4 98 -87 98 105 -169 105 -169 -87
38 -83 -181 89 -140 13 -16
15
4 -35 -190 -35 -157 111 -157 111 -190
4 -15 13 -15 158 8 158 8 13
4 -136 -130 -136 121 176 121 176 -130
4 -107 -85 -107 0 70 0 70 -85
4 -58 -138 -58 168 113 168 113 -138
4 -36 -48 -36 141 -63 141 -63 -48
4 182 -199 182 2 -44 2 -44 -199
4 93 -174 93 30 62 30 62 -174
4 -193 -67 -193 -35 -125 -35 -125 -67
4 194 -179 194 153 146 153 146 -179
4 34 -134 34 108 85 108 85 -134
4 -194 -193 -194 55 -75 55 -75 -193
4 58 -40 58 31 -13 31 -13 -40
4 -23 112 -23 189 -103 189 -103 112
4 173 71 173 165 18 165 18 71
30 38 -114 192 -132 -110 186
16
4 124 -198 124 -189 -168 -189 -168 -198
4 -173 13 -173 104 155 104 155 13
4 -18 -106 -18 -7 37 -7 37 -106
4 37 -122 37 -11 104 -11 104 -122
4 -121 -156 -121 -115 15 -115 15 -156
4 -181 -161 -181 63 -188 63 -188 -161
4 -189 -11 -189 176 -24 176 -24 -11
4 142 -161 142 167 2 167 2 -161
4 -124 -106 -124 87 70 87 70 -106
4 -37 -181 -37 78 158 78 158 -181
4 -190 -117 -190 -112 -109 -112 -109 -117
4 -36 -61 -36 -6 83 -6 83 -61
4 20 -181 20 132 44 132 44 -181
4 145 72 145 160 197 160 197 72
4 116 -146 116 76 -82 76 -82 -146
4 -190 -39 -190 164 141 164 141 -39
28 -73 103 -143 -134 -23 -55
20
4 124 -164 124 -105 -21 -105 -21 -164
4 -20 -15 -20 -2 -10 -2 -10 -15
4 182 -155 182 78 -49 78 -49 -155
4 -36 -190 -36 -184 -96 -184 -96 -190
4 -86 -95 -86 93 -78 93 -78 -95
4 -179 -76 -179 153 35 153 35 -76
4 98 134 98 183 52 183 52 134
4 -175 -105 -175 -45 134 -45 134 -105
4 133 -61 133 147 -6 147 -6 -61
4 50 -63 50 43 -162 43 -162 -63
4 -8 -29 -8 145 -91 145 -91 -29
4 6 67 6 86 -17 86 -17 67
4 72 -174 72 -124 103 -124 103 -174
4 96 -44 96 22 -62 22 -62 -44
4 -47 14 -47 162 186 162 186 14
4 148 -142 148 -2 -92 -2 -92 -142
4 119 -163 119 -67 -176 -67 -176 -163
4 130 -186 130 124 -65 124 -65 -186
4 -161 -154 -161 -117 0 -117 0 -154
4 -13 -141 -13 84 47 84 47 -141
34 -53 -123 24 -31 -47 180
16
4 146 -72 146 158 -186 158 -186 -72
4 -31 -87 -31 186 74 186 74 -87
4 -156 -15 -156 99 -54 99 -54 -15
4 -135 -62 -135 32 -131 32 -131 -62
4 36 76 36 128 -135 128 -135 76
4 -150 -179 -150 136 -160 136 -160 -179
4 -60 -32 -60 14 -129 14 -129 -32
4 193 -5 193 120 -80 120 -80 -5
4 116 -167 116 -37 128 -37 128 -167
4 110 139 110 169 179 169 179 139
4 -171 120 -171 170 -55 170 -55 120
4 -89 90 -89 139 -126 139 -126 90
4 90 -99 90 -25 146 -25 146 -99
4 38 -60 38 -20 137 -20 137 -60
4 42 100 42 167 -9 167 -9 100
4 -144 -38 -144 191 3 191 3 -38
