5
3 50 -151 -181 -115 78 -188
18
4 71 -8 71 18 116 18 116 -8
4 -154 -178 -154 77 65 77 65 -178
4 9 -49 9 -5 73 -5 73 -49
4 8 -199 8 102 199 102 199 -199
4 8 -121 8 -1 -85 -1 -85 -121
4 90 77 90 108 16 108 16 77
4 87 -178 87 193 32 193 32 -178
4 -13 -187 -13 -91 76 -91 76 -187
4 26 -80 26 23 -44 23 -44 -80
4 -72 -105 -72 -3 -18 -3 -18 -105
4 95 -131 95 62 55 62 55 -131
4 -117 83 -117 90 -24 90 -24 83
4 134 102 134 192 -142 192 -142 102
4 15 -154 15 159 74 159 74 -154
4 110 38 110 142 64 142 64 38
4 -4 -32 -4 110 118 110 118 -32
4 175 -175 175 199 -112 199 -112 -175
4 -46 -37 -46 84 -139 84 -139 -37
2 -26 -74 173 -55 183 100
15
4 -61 25 -61 198 -136 198 -136 25
4 82 -61 82 47 -45 47 -45 -61
4 -34 -194 -34 177 -16 177 -16 -194
4 121 -195 121 -139 -167 -139 -167 -195
4 -31 69 -31 187 -91 187 -91 69
4 -60 -149 -60 76 -149 76 -149 -149
4 -80 -188 -80 156 106 156 106 -188
4 125 -102 125 26 38 26 38 -102
4 -81 175 -81 182 164 182 164 175
4 134 -65 134 182 -94 182 -94 -65
4 -14 6 -14 76 -156 76 -156 6
4 43 69 43 122 -162 122 -162 69
4 -49 -39 -49 34 129 34 129 -39
4 -27 -154 -27 30 69 30 69 -154
4 116 -192 116 -27 181 -27 181 -192
6 -116 142 -83 -190 -85 117
12
4 71 16 71 73 -162 73 -162 16
4 193 104 193 186 109 186 109 104
4 -169 53 -169 110 5 110 5 53
4 15 29 15 85 30 85 30 29
4 -67 -172 -67 56 49 56 49 -172
4 175 108 175 168 -197 168 -197 108
4 31 -17 31 70 -115 70 -115 -17
4 106 -44 106 180 194 180 194 -44
4 80 -183 80 128 -54 128 -54 -183
4 -22 -186 -22 -53 -168 -53 -168 -186
4 -143 -142 -143 -34 70 -34 70 -142
4 -129 -134 -129 30 66 30 66 -134
2 77 106 69 118 173 185
15
4 115 -179 115 11 76 11 76 -179
4 146 -129 146 59 81 59 81 -129
4 -158 -59 -158 79 156 79 156 -59
4 95 -128 95 188 -177 188 -177 -128
4 170 -165 170 37 171 37 171 -165
4 -70 -35 -70 81 -32 81 -32 -35
4 80 -186 80 147 133 147 133 -186
4 102 87 102 93 141 93 141 87
4 155 -103 155 123 78 123 78 -103
4 -157 -61 -157 18 79 18 79 -61
4 -79 -35 -79 152 134 152 134 -35
4 -149 -167 -149 36 -62 36 -62 -167
4 61 -186 61 -165 35 -165 35 -186
4 114 -165 114 -116 42 -116 42 -165
4 -19 2 -19 91 83 91 83 2
8 0 16 158 142 -99 -23
16
4 191 76 191 128 9 128 9 76
4 -57 -144 -57 149 153 149 153 -144
4 154 -147 154 116 -16 116 -16 -147
4 -81 -192 -81 137 -148 137 -148 -192
4 47 -114 47 -36 43 -36 43 -114
4 -80 -163 -80 -137 -63 -137 -63 -163
4 -174 -182 -174 66 -86 66 -86 -182
4 156 129 156 162 -143 162 -143 129
4 82 -176 82 182 -37 182 -37 -176
4 -42 -53 -42 134 144 134 144 -53
4 -16 -127 -16 116 180 116 180 -127
4 174 -135 174 147 35 147 35 -135
4 -51 -53 -51 90 28 90 28 -53
4 92 -184 92 35 -141 35 -141 -184
4 -182 -124 -182 149 -181 149 -181 -124
4 -175 89 -175 105 34 105 34 89
