10
31 1394 -1472 1408 1057 1502 -1867
100
10 -198 -758 -197 -734 -189 -613 -139 -599 334 -598 499 -602 527 -629 531 -650 538 -792 424 -808
4 252 -458 302 -49 -175 -28 -728 -20
10 -569 1182 1659 1286 1681 1221 1671 1152 1601 1093 1511 1064 -205 1063 -359 1065 -462 1080 -519 1131
4 -946 -1926 -188 430 -1204 1410 -1350 -1705
6 -1610 22 -1606 30 -1578 130 -1567 760 -1617 786 -1977 121
10 488 -79 496 -120 505 -147 515 -154 591 -165 628 -127 634 143 631 1141 625 1165 486 -26
4 858 -154 812 -120 258 -106 -1317 -151
7 -1530 -660 -1242 -683 1465 -667 1258 -444 -1550 -463 -1566 -520 -1583 -638
9 -839 214 -792 825 817 812 1154 698 1185 482 1196 -1509 1123 -1779 550 -1782 -830 -390
4 361 -1763 515 -1777 664 -1545 356 -1539
7 1150 114 1151 171 1955 -1155 1695 -1383 1609 -1389 1158 -1254 1151 -161
6 -1359 767 -1359 1237 -1314 1911 -1253 1893 -1228 874 -1229 824
4 80 -355 314 1311 156 1211 29 680
3 -771 -933 -1057 -575 -1485 -886
8 -1774 735 -1421 134 345 287 351 1713 252 1824 -260 1894 -1769 1816 -1775 1554
3 -882 1564 -1030 1672 -1875 1567
3 826 -1861 1032 -1611 -897 -1836
6 -297 -1983 -120 -1899 -116 -1245 -182 -1016 -220 -999 -559 -981
9 -1358 1228 -1356 1600 -1088 1627 -454 1633 -417 1607 -330 1029 -342 1011 -580 1001 -1356 1158
7 -247 167 -124 62 449 141 458 177 488 490 410 598 -248 605
6 -1586 -1148 -1317 -1149 224 -1141 -1420 -1102 -1539 -1102 -1772 -1114
9 -1165 -949 -966 -953 13 -951 233 -912 239 -689 220 90 188 141 -1192 -101 -1207 -383
6 -1317 238 -1251 243 -782 243 -781 204 -880 193 -1316 192
4 -1432 1633 -1429 1902 -955 691 -964 189
5 -1853 -353 -1801 170 -1634 166 -755 -1512 -1352 -1650
8 -952 1297 449 1404 563 1319 566 1263 506 1233 -554 1224 -665 1225 -791 1230
3 -276 -1805 1840 -1803 1611 -1823
4 925 454 959 506 839 511 -838 511
8 418 138 1799 486 1808 1313 1788 1330 1523 1393 592 1397 465 1390 336 870
4 -215 -1738 849 1363 856 -1481 -112 -1934
9 -756 -1058 -747 -825 -663 -753 258 -744 868 -741 1160 -1657 1152 -1784 -504 -1776 -753 -1668
6 276 -51 282 -49 351 220 355 1167 271 1161 271 -51
4 116 -113 934 -143 974 -181 196 -223
6 1105 -48 1122 12 1133 81 1080 128 -893 128 -938 6
7 178 -1946 334 -1954 715 -1965 1424 -1964 1891 -1849 632 -1692 137 -1930
4 -459 1335 -455 1473 -276 1426 -268 1135
6 -1103 416 -614 424 435 427 1623 331 1716 -1271 1283 -1376
7 -1572 209 -1516 1290 -586 1496 1742 1539 1794 531 1580 -677 -1326 -710
8 -465 475 -232 448 572 425 994 447 1554 486 1566 936 1564 1636 -567 918
4 -903 135 -806 825 -685 698 -680 317
4 -10 723 680 773 679 1458 -377 1311
3 -418 -1374 -331 -37 -1012 1050
6 -769 -1066 -5 -1063 1391 -1227 1373 -1386 1276 -1472 -588 -1468
8 1151 -709 1151 996 1157 1726 1352 1740 1435 1682 1447 -378 1423 -652 1321 -862
5 199 -51 264 97 263 304 242 374 95 24
9 -870 -541 -812 -609 -710 -654 127 -358 146 417 126 698 -530 911 -879 898 -889 -198
4 -1364 -818 1112 1222 1741 706 -590 -1221
8 -816 -212 -743 -302 1308 694 1301 1075 1295 1161 1270 1185 -708 1092 -845 948
10 -1214 -1013 -1193 -1294 -647 -1382 -278 -1384 747 -1378 756 -1357 784 -987 613 -412 -1171 -449 -1227 -532
4 -373 -1776 -130 -1776 -205 -1725 -430 -1747
10 -1831 -1145 -1746 -1446 -865 -1449 95 -1449 572 -526 -138 -470 -1644 -529 -1797 -640 -1828 -853 -1835 -1085
8 -1000 1019 -489 1021 265 1021 466 1012 477 980 434 972 329 971 -248 970
5 -1608 -249 162 675 153 1273 32 1596 -1668 1267
6 -72 663 1803 -883 53 -861 14 -754 -29 -599 -36 -498
3 -954 -899 -807 1680 -628 -100
9 -683 1631 -232 1616 1036 1612 1511 1617 1517 1866 206 1867 -671 1866 -730 1856 -737 1677
7 -1834 -1262 -1797 -1460 -1715 -1477 -1062 -1526 -1068 1109 -1338 1163 -1874 -999
8 -756 -1875 1349 -1872 1410 -1687 1472 -476 1282 607 -409 614 -1463 530 -1536 145
7 -26 -670 95 -675 137 -669 157 128 138 648 -82 661 -84 566
4 484 -51 -523 175 -764 -894 -771 -1659
9 -283 -717 -224 -761 -156 -768 341 -769 691 -769 858 -692 859 506 -261 731 -336 -65
7 308 -762 794 -763 782 -225 727 -120 566 -112 -430 -122 -459 -525
4 1251 -1343 1313 521 290 622 283 -1368
5 293 244 1857 382 1857 832 1835 1047 -1504 1677
5 1448 999 1571 956 1586 468 1552 454 1459 450
4 -542 -840 106 -1176 1478 984 -692 1045
3 609 -115 1074 -799 964 -832
3 40 -1634 347 -1615 383 -1628
7 -115 309 1031 240 1240 277 1346 351 1274 1061 -132 1072 -150 523
5 -1911 1397 -432 1425 943 1169 159 1139 -1889 1155
7 945 -1898 1433 -1902 1549 -1598 1539 66 1247 128 627 131 357 -1713
7 -576 -6 1566 -8 1650 54 1606 65 1381 76 -328 74 -579 1
6 -1080 -451 -1062 -495 723 -489 -112 -37 -1066 -85 -1083 -294
10 -464 -1452 -464 -1396 -360 -1383 -359 -1396 -358 -1412 -358 -1467 -375 -1485 -436 -1485 -453 -1484 -461 -1471
9 -389 -101 -382 178 -316 286 -15 261 31 -854 28 -899 6 -961 -368 -939 -385 -393
9 -1459 377 -1454 9 -1420 -77 -973 257 -969 869 -998 909 -1025 923 -1358 934 -1464 847
6 540 -1460 672 -1480 1448 -1156 944 1762 546 1709 527 876
7 -409 290 172 273 1421 310 1547 1495 612 1523 -649 1528 -713 332
5 124 1158 283 1112 1443 1246 480 1284 106 1243
6 -779 -824 -773 -156 -626 221 -207 -1920 -244 -1980 -660 -1977
6 -1212 -761 1334 -713 1375 -659 -811 -621 -1601 -654 -1669 -740
9 -998 -357 -986 339 176 351 245 87 266 -634 132 -1013 -277 -1091 -921 -1081 -975 -748
3 1110 -1087 1014 -725 -259 -690
5 -1108 -874 -938 -936 358 -857 -972 1384 -1274 857
7 -1468 534 -1366 1986 -1107 1959 -1097 1561 -1093 505 -1202 503 -1273 502
5 -588 -551 -42 -153 -11 -161 -196 -1511 -583 -1067
4 880 -951 870 -753 817 -318 779 -1098
8 -762 -250 -152 -225 23 -174 63 65 66 1604 -1559 1851 -1614 1617 -1618 928
7 -552 1190 290 1189 1193 1190 1228 1197 -148 1309 -644 1303 -711 1293
8 -1071 -636 -519 -648 281 -600 383 943 203 990 -1143 657 -1159 408 -1165 6
5 -1627 -319 -1062 -329 -1313 -266 -1554 -272 -1711 -310
4 -1684 241 -1611 228 -1242 1097 -1731 1898
10 -717 727 -710 1092 -642 1201 -382 1211 -143 1218 133 1222 655 890 625 735 617 730 -80 725
10 -938 -654 -880 -656 -616 -665 -367 -581 -343 944 -372 1735 -381 1831 -562 1806 -949 1736 -960 1125
10 740 -636 978 -377 1040 254 1044 1216 1039 1851 787 1873 554 1876 472 1754 441 1593 421 1210
10 -1563 -917 -1391 -918 -468 -920 609 -920 860 -911 876 -906 867 -826 833 -804 -1087 -802 -1588 -914
10 498 -253 514 -195 845 -166 1277 -357 1271 -600 1234 -715 1203 -725 763 -737 541 -738 513 -721
8 -1871 -1501 -472 -1508 1851 -1256 1854 -1226 1695 -1217 -1595 -1234 -1650 -1245 -1905 -1357
8 1119 1404 1153 1565 1224 1577 1554 1577 1587 1563 1591 1494 1595 1267 1245 1221
4 -443 1570 -434 1627 -306 1674 659 1681
97 -486 28 625 201 -1488 1632
64
4 1101 57 1091 241 134 653 -262 -1205
5 62 1339 297 1332 948 1331 899 1587 37 1545
3 -1844 1232 -1768 -1038 -1810 -1511
10 -1414 1070 -735 1143 -516 1141 -206 1134 -45 1019 -38 973 -30 288 -172 -691 -1391 -271 -1405 -21
7 -486 -534 -458 -449 692 -486 699 -524 642 -1583 626 -1629 -279 -1647
6 -900 260 -899 1316 -907 1649 -917 1652 -923 1429 -923 235
5 258 -1128 418 -1476 458 558 263 1441 253 -578
6 -1429 -944 -1268 -937 456 -938 513 -951 489 -956 479 -957
9 921 -470 927 -505 964 -508 968 -499 970 -491 972 -476 973 -195 945 -191 918 -226
5 -391 -1518 824 -1442 1006 43 1043 1713 -1743 -857
6 -48 -776 1 -799 351 -627 348 560 -98 533 -134 -695
10 -1089 291 -1070 1198 -1030 1304 224 1315 882 1310 956 342 893 -26 -313 -76 -829 -60 -1078 -19
4 642 -477 1124 1367 1719 900 1753 714
6 -1041 1035 892 1034 1022 1051 -1004 1051 -1059 1048 -1059 1039
3 -598 -558 -555 1291 -117 1542
9 -1502 1529 -1469 1676 -1458 1683 -1388 1697 -572 1646 -566 1389 -594 1334 -1427 1340 -1473 1398
10 -984 860 -952 855 -503 855 11 1028 -85 1063 -120 1064 -622 1070 -974 1069 -1041 1040 -1050 1031
9 -1670 629 -1354 712 -750 675 -745 55 -790 -475 -829 -574 -1469 -581 -1616 -542 -1669 -67
9 539 1337 600 1282 619 1281 1560 1281 1636 1297 1702 1622 1446 1630 534 1563 529 1405
6 -168 -716 -61 1004 199 1050 501 1020 578 -292 224 -718
9 -1507 -1777 -1336 -1736 -1350 200 -1409 217 -1551 231 -1562 205 -1590 107 -1601 -882 -1602 -1727
7 -1418 1001 1387 1038 1520 1005 1565 821 1361 597 1136 594 -13 591
10 -1937 -1520 -1913 -1554 -1650 -1593 -1609 -1570 -1586 -1495 -1584 -1481 -1560 302 -1610 707 -1781 743 -1950 -1081
6 1427 71 1843 84 1952 1637 1930 1677 1545 1669 1421 1654
4 1415 -131 1404 532 1376 582 67 599
10 -573 1091 -546 1190 -538 1199 -533 1200 -488 1201 -462 1122 -458 729 -458 -70 -489 -222 -572 -210
10 1282 -898 1299 -1032 1307 -1068 1333 -1146 1428 -1183 1691 -1190 1768 -795 1764 787 1285 644 1281 555
6 596 -1391 617 -1373 1256 -1390 1264 -1409 803 -1409 606 -1407
7 -1269 126 571 1121 1774 588 1824 27 1814 -543 -724 -772 -1258 -333
9 -1889 67 -1803 -47 -894 -72 106 -75 352 -27 401 471 342 565 -1867 619 -1903 395
7 -325 -1495 -248 -1607 266 -1622 618 -1619 1375 -1104 -285 -980 -360 -1011
6 -1005 -1277 -978 -1190 -1035 -1143 -1046 -1142 -1189 -1141 -1280 -1212
5 -862 1468 -686 1546 616 1567 630 735 -723 737
10 1199 1368 1204 1500 1456 1504 1805 1504 1808 1304 1808 715 1785 567 1283 570 1236 590 1203 814
4 -800 -1102 -773 -763 1049 -462 1221 -541
9 1358 1282 1370 1937 1937 1820 1935 1314 1857 907 1421 864 1379 936 1373 960 1365 1107
8 922 -916 923 585 1733 881 1745 816 1788 -210 1794 -1569 1788 -1838 1521 -1844
6 -1250 -736 -1136 -633 -422 -630 -94 -816 -243 -829 -1225 -830
3 1126 588 1725 450 1770 291
4 -1424 -780 -1250 -778 -1511 294 -1515 -745
3 -1134 685 965 685 -1839 776
6 512 808 643 789 705 1397 703 1946 509 1794 501 1646
7 -211 -1680 838 -1837 842 -1831 842 -920 763 -834 532 -810 -223 -1501
10 -392 -726 -381 -901 926 -1033 1403 -903 1456 552 1404 1061 923 1205 56 1196 -376 1036 -393 -502
3 1172 733 1031 949 -348 250
3 427 -994 -25 417 -1121 -580
5 780 -504 797 608 787 1205 628 1378 285 1371
10 357 1170 362 1316 519 1335 866 1336 955 1327 1010 1302 1014 1086 1014 559 471 556 405 560
7 -1544 -656 -1543 1340 -1526 1413 -1498 -822 -1500 -1133 -1531 -1140 -1543 -1080
7 -1248 -614 -762 591 117 591 980 476 1096 -1554 162 -1660 -738 -1679
8 -1474 -1692 -1445 -1727 572 -1736 374 -1294 -925 -1289 -1188 -1292 -1541 -1328 -1570 -1514
7 -1709 -1563 -1706 -1402 -92 -1704 -258 -1746 -587 -1747 -1575 -1739 -1638 -1678
7 1966 176 1988 214 1989 794 1987 930 1981 1082 1945 1084 1910 1080
4 1172 1490 757 1608 -372 1694 -442 -108
4 -1643 -223 -797 -189 -742 -199 -714 -892
9 -935 -781 -921 1087 -417 1206 -181 1210 -49 1207 -3 1108 21 795 51 145 51 -785
9 -629 240 -523 66 1306 55 1362 365 1380 513 1362 749 1282 754 759 774 -631 722
5 -864 459 1640 305 1630 273 1577 154 763 132
5 180 32 1087 1933 1806 1808 1858 829 1716 -277
6 -475 -69 527 384 1585 -197 1169 -223 385 -220 -449 -211
7 375 -251 403 540 406 545 900 584 750 -355 389 -344 384 -319
4 104 1694 173 1702 1744 1631 1796 1443
10 253 -252 291 1633 388 1654 701 1660 1800 1652 1917 1546 1935 1156 1964 304 1910 -128 1746 -241
3 497 -129 373 43 312 63
81 -988 -1827 -328 -1521 -1221 -1461
62
9 -1514 -951 -1397 -952 380 -952 527 -950 627 -759 -729 -355 -1665 -358 -1714 -441 -1717 -808
5 -387 -1418 -15 -469 -8 -521 -14 -919 -218 -1457
4 101 -1654 122 -1015 -870 -957 -1980 -1292
5 -882 263 1093 -1572 771 -1675 176 -1695 -219 -1708
8 -1792 820 -800 1303 -566 1268 -536 417 -530 -1049 -630 -1683 -1635 -1684 -1764 -1578
5 591 1670 1255 1697 -1162 1698 -1353 1695 -1353 1691
7 -867 -1467 -543 -1566 -224 -1569 651 -1530 619 2 -96 96 -875 -4
8 -848 -270 882 -155 1334 -163 1340 -221 1284 -268 1204 -272 153 -275 -413 -273
5 -142 -656 -143 -556 -203 -533 -1474 -523 -1960 -647
6 -1935 -827 -1931 -254 -82 -818 -115 -827 -406 -868 -1730 -854
6 1281 -814 1282 -717 1282 1581 1276 1574 1274 1563 1274 -678
9 -1182 -1880 -1167 -1704 -1127 -1513 -859 -1513 1046 -1525 1353 -1609 1383 -1636 949 -1907 -56 -1918
8 -388 -1766 -364 -1161 -367 329 -371 416 -442 419 -573 414 -579 347 -587 40
5 -650 -1079 -262 473 896 -143 651 -1339 -396 -1283
5 1802 1131 1915 1120 1940 1094 1855 948 1826 948
3 1387 -1428 1236 -1019 -1897 -1641
9 -1652 1276 -1611 1618 -1059 1624 599 1631 1832 1628 1817 1470 1792 1290 1497 1267 168 1268
10 -257 389 -256 531 -216 940 140 927 153 905 172 859 185 713 177 51 78 39 66 39
7 -226 801 172 942 227 844 228 623 223 -1097 77 -1547 -183 -1523
9 875 -1288 882 -1193 1474 -1193 1663 -1195 1723 -1197 1774 -1200 1836 -1277 1823 -1288 1694 -1289
7 -165 1050 -155 1061 145 1079 1502 1082 1729 1081 1783 998 1750 992
4 -564 -1010 -296 -1464 -336 1083 -567 -479
4 -1108 1211 290 1703 199 801 -160 775
7 -1778 -1758 -1751 -1709 -1464 -1708 -898 -1708 -864 -1709 -829 -1723 -1103 -1767
4 -1578 -1329 -359 -1352 -611 -1719 -1431 -1710
7 -632 109 -593 439 34 443 134 368 -507 -368 -603 -366 -627 -221
10 1317 254 1320 85 1904 335 1906 635 1905 1996 1703 1993 1400 1955 1324 1815 1319 1791 1315 958
9 -1774 -679 -1741 -690 -987 -690 -601 -689 -553 -685 -520 -679 -513 -639 -1660 -636 -1808 -649
8 -1010 -1269 -901 -1233 -788 -1127 -753 -659 -751 371 -995 500 -1051 512 -1251 507
6 -518 -1261 29 -1214 221 -998 226 -751 239 1257 -836 -22
4 -517 194 -174 270 1790 -407 1739 -687
3 663 1054 497 1876 -284 1282
10 -951 661 447 653 727 661 732 667 752 709 719 722 621 734 229 734 -915 733 -961 724
9 -981 1895 -699 1959 481 1966 1814 1923 1859 -429 1853 -1377 1733 -1518 1686 -1518 -944 -1297
7 518 1810 602 1838 988 1826 983 1728 828 1725 758 1725 521 1745
8 -591 -820 -581 759 -576 925 -545 1477 -339 1621 87 1672 1297 -1338 -479 -1264
8 -496 -1906 257 -1926 740 137 720 719 -437 1281 -455 1270 -634 748 -640 -18
4 7 -1197 267 -1190 605 -1285 629 -1955
9 -1665 546 -1308 538 -171 537 1465 585 1621 614 1659 784 1651 992 -1514 1122 -1874 576
8 1214 1646 1642 1606 1717 1608 1759 1612 1677 1732 1312 1732 1207 1727 1206 1676
3 -1376 -481 -1274 1663 -88 -1723
6 92 559 362 618 373 884 354 1224 -1292 1289 -1497 1280
3 -948 -1320 -874 -341 -848 -1255
9 -596 -1553 -576 -563 -476 -368 -246 -322 1043 -380 1126 -447 1165 -502 1202 -1797 840 -1852
3 -752 -220 -282 719 -255 -275
5 3 -1974 273 -1492 140 -1456 -9 -1713 -10 -1839
7 1505 -1487 1506 -1529 1514 -1541 1653 -1549 1678 -1264 1506 -1257 1504 -1302
6 -1291 -1388 -1287 -181 -1211 224 -558 287 -359 -195 -1214 -1527
6 312 1111 597 1204 675 1200 716 1174 603 526 313 521
4 1708 989 1521 1085 1070 1105 228 1082
5 553 -1236 1444 -852 1352 -844 967 -839 545 -861
7 -756 -877 -593 -629 1690 -668 1697 -678 1685 -935 1604 -1065 -494 -1073
4 715 888 1154 866 754 521 716 684
8 -931 9 -877 31 -730 127 -726 1080 -729 1483 -847 1734 -1384 1719 -1392 3
8 -628 969 872 970 985 983 1094 1286 832 1312 111 1318 -1400 1318 -1526 1198
6 118 1174 191 1189 690 1102 717 75 637 -1596 379 -1602
10 -983 56 117 53 326 -39 361 -55 365 -624 337 -1592 331 -1648 273 -1817 -242 -1830 -433 -1833
3 -1318 -780 -1321 -15 -1332 -779
7 -1295 -458 -1279 1020 -1199 1185 1604 440 1597 245 1492 -474 106 -476
3 -667 -1264 -420 -1234 553 -1910
8 -621 -1395 -447 -306 -434 -366 -424 -505 -422 -719 -422 -1369 -441 -1400 -611 -1406
8 -457 -378 -304 -373 192 -327 441 -297 527 -226 528 761 -679 1203 -684 -105
52 1728 -937 484 -943 347 -1257
82
5 1384 -356 1404 -327 1421 -23 549 1591 476 1366
5 1088 626 1150 626 1348 661 1409 676 959 718
3 -731 1215 -316 1244 -246 897
7 474 -75 486 819 560 961 700 970 946 823 953 -579 917 -1174
9 -971 579 -953 330 -920 324 -822 321 -782 634 -782 1056 -784 1394 -937 1532 -974 1021
7 -1471 -960 -842 -1029 408 -1019 931 299 943 1830 491 1947 -1507 1913
3 568 -551 564 311 350 -490
5 -195 -1764 439 -1950 1228 -319 -204 1452 -241 830
10 -965 -1492 -965 -1425 -885 -1294 -115 -1283 1122 -1306 1056 -1710 999 -1723 976 -1726 670 -1727 -951 -1706
6 -319 -1582 115 861 124 0 122 -879 93 -1626 -204 -1641
4 -4 1498 -1626 1673 -1643 1671 -1780 1216
5 1801 119 1787 529 1761 614 1740 681 1216 -80
8 -263 408 -247 1542 -212 1660 -160 1672 70 1583 15 161 -222 187 -241 267
9 -1250 29 -1244 669 -196 1758 165 1737 732 1695 757 1370 727 -1612 -791 -1609 -1221 -1557
8 -1204 -190 -1174 -223 -366 -234 -87 -207 244 272 233 504 -618 864 -1314 100
5 -1805 489 -1535 1125 1588 151 -936 -831 -1378 -784
8 -1802 -687 -1793 172 -1780 541 -907 907 -455 -1308 -578 -1468 -1734 -1153 -1777 -957
6 1133 1047 1210 1298 1226 261 1226 -1159 1173 -1352 1138 -1332
4 -1026 1123 -932 1667 -146 -1471 -1006 -1439
8 -1704 -537 -1652 -92 -1442 31 -1191 59 266 56 1158 -117 1114 -458 652 -528
10 98 -1666 114 -1760 402 -1301 397 1594 396 1674 370 1891 249 1945 126 1922 107 1818 96 185
9 775 -1485 792 -1494 844 -1488 882 -1372 895 -1266 898 -770 897 -71 771 -28 771 -1457
3 1958 -1560 -288 -1072 -314 -1249
4 -1042 -1402 -1006 -1172 -921 -1618 -1041 -1635
5 -1235 -251 -648 -268 -713 -288 -1195 -286 -1232 -272
9 -331 -359 333 -361 616 -360 704 -352 911 -325 924 -315 934 -139 462 -118 -466 -119
5 -1403 -582 -1393 656 -970 1682 -120 -569 -1290 -1144
8 -1790 -115 -1514 -137 -260 -167 922 -146 941 464 749 629 -470 673 -1809 659
3 1442 338 1451 367 1771 336
8 131 685 133 760 925 549 935 485 955 70 878 -911 424 -869 145 -443
4 977 -1573 1590 -1296 1514 -1284 43 -1268
8 585 -1490 907 -1497 912 653 900 1573 613 1508 545 1261 525 530 523 -342
6 -1658 -350 -1642 -324 -1432 -221 207 -322 206 -972 -153 -1338
3 1092 1145 983 342 982 -725
4 -914 -634 -833 -987 1546 -1162 -972 363
9 -1294 523 -460 1661 -438 1658 -163 1600 44 1538 24 255 -123 110 -789 95 -1084 135
7 1672 -1707 1679 -1803 1752 -1797 1805 -1587 1745 -58 1712 -94 1669 -1287
6 -1062 -785 -1016 -771 -886 -750 -39 -766 -346 -947 -1060 -837
4 -535 -1705 663 -654 692 -889 675 -1723
3 -811 143 -778 117 -818 159
10 -96 405 -93 1747 -39 1966 166 1962 226 1947 291 1819 306 1658 307 548 54 246 -84 298
7 -932 300 -888 288 1348 267 1840 1034 1764 1073 -178 1073 -996 628
3 371 -650 41 575 -1492 -1291
10 -548 -506 -542 -207 -528 143 -189 323 -184 137 -181 -111 -179 -387 -191 -1854 -543 -1791 -544 -1578
3 -329 1622 917 -1737 -267 -1575
10 -275 1709 -264 1718 -203 1730 1013 1731 1043 1704 1049 1646 1052 1594 1043 1380 -255 1373 -274 1565
8 -1330 -785 -1214 -719 -1165 -717 560 -716 613 -722 584 -787 -398 -788 -1070 -787
8 -917 -536 123 -517 423 -368 394 143 263 640 -154 710 -1634 721 -1791 134
3 -775 -1706 -740 -1697 -793 -1668
6 -386 1111 1549 1413 1793 1341 1834 1143 1472 -1383 -1 -1370
8 -1782 135 -1757 117 -1731 100 -824 101 -525 908 -627 1018 -649 1025 -1801 976
6 -1626 631 -1090 670 -418 677 1132 654 1165 -258 1169 -922
6 -375 -1832 -350 -1153 -346 -153 -356 890 -500 808 -504 -1680
3 -399 142 -948 104 -1029 28
3 437 889 878 1398 989 915
3 963 -555 871 1400 829 -292
9 -1685 -572 -1493 1349 -1085 1421 -187 1391 49 -658 30 -1242 -69 -1319 -601 -1371 -886 -1392
7 -1580 -1313 -648 -1501 -617 -1326 -578 -865 -816 173 -1423 185 -1625 -1198
7 -1099 281 -1099 1601 -748 1703 -459 1702 -176 -254 -1060 -332 -1092 -108
8 1229 165 1243 1401 1320 1486 1638 1516 1830 1087 1828 -1478 1800 -1624 1502 -1646
8 -1464 -1566 -1367 -1546 242 -1544 949 -1592 646 -1630 -1177 -1632 -1421 -1626 -1463 -1591
7 -475 -1686 -461 -1558 660 -1452 1031 -1476 1065 -1579 986 -1727 -371 -1719
7 300 941 1576 1039 864 1964 718 1965 209 1942 101 1828 97 1012
3 -85 -1468 815 -1924 127 -1929
10 -1817 698 -1711 692 -1184 692 -1121 698 -1098 845 -1098 884 -1113 921 -1773 925 -1783 922 -1823 880
7 -1858 -110 -1614 1847 -1350 1852 455 1856 1196 1634 1459 1482 1401 -185
3 -621 -93 -191 -17 -453 -1540
4 -1255 1136 -1263 1254 -1829 1285 -1868 826
10 -1711 -1065 -1555 -1136 -874 -1111 -824 -1053 -807 -270 -804 442 -930 446 -1493 446 -1576 428 -1721 389
6 76 -856 288 -839 495 -1208 487 -1260 480 -1266 297 -1298
9 -989 559 -656 552 -392 581 -348 943 -356 957 -442 972 -986 960 -1006 744 -1011 648
9 -319 -858 -313 -34 -229 56 29 57 133 31 141 -346 -211 -1221 -296 -1159 -318 -1035
4 -1462 -1055 -1315 -1080 -1312 -836 -1464 -657
3 -490 -1174 -345 -771 -455 -1494
7 -20 -850 2 -932 378 770 298 1908 140 1910 -44 1834 -66 985
3 -982 -1828 -696 -1842 -782 -1857
7 -1955 -554 -1844 -827 -1188 -856 277 318 -1764 386 -1928 349 -1979 170
10 -1443 -22 -961 22 1300 -12 1486 -956 1378 -1581 736 -1632 230 -1638 -365 -1636 -685 -1631 -1418 -840
9 -1058 -1320 -884 -1326 726 -1281 730 23 730 284 711 897 706 928 -1109 914 -1231 -276
5 -233 -929 586 907 1069 778 1060 -1150 818 -1167
3 -149 -1488 -363 -129 -972 -1620
8 -1643 -1172 -1637 -1138 557 -1134 732 -1286 710 -1461 177 -1463 -1618 -1413 -1629 -1404
39 -264 -1646 -263 1026 1224 -1554
64
7 1085 -136 1274 -126 1307 382 1305 1004 1286 1163 1277 1167 911 1164
10 -1591 -316 -1525 -251 -1458 -212 -1391 -202 164 -208 171 -311 -47 -604 -1362 -608 -1466 -584 -1538 -553
6 1204 -1548 1789 -1384 1865 -1066 1899 -898 1861 1263 435 459
9 581 1612 816 1613 1153 1616 1260 1747 1256 1882 1213 1921 1187 1926 699 1935 525 1934
9 -1275 -78 -1270 421 -1256 533 -310 576 -238 573 -225 498 -206 340 -202 -58 -468 -78
7 -1217 -1559 -139 -1629 -67 -1568 -67 -958 -395 369 -1285 265 -1330 -1472
3 1699 -535 1743 -219 1042 305
5 -831 -581 -441 734 -441 -594 -475 -1300 -726 -1330
7 -290 -806 -288 -809 -283 -748 -282 -646 -282 1627 -291 1658 -297 -617
4 -849 -1568 1602 -1588 1630 -522 -885 -534
9 -683 -1035 -683 827 -682 1038 -680 1068 -668 963 -668 -747 -669 -954 -672 -1012 -680 -1040
5 -1553 908 71 1349 1085 1202 1077 30 499 -154
10 921 1088 1170 1096 1177 1117 1176 1166 1093 1187 727 1190 -353 1190 -767 1189 -862 1184 -906 1090
9 -1428 -994 -1428 518 -1424 978 -659 1744 133 1616 136 -1590 -225 -1917 -623 -1956 -1241 -1956
10 -134 -1128 -83 -1152 7 -1153 1390 -1152 1386 -1073 1317 -1060 928 -1056 -16 -1056 -127 -1062 -138 -1116
9 128 741 144 869 263 960 406 977 554 739 553 -1060 368 -1600 171 -1578 145 -1378
4 -463 -1690 -450 1325 113 1255 187 -1730
4 -1270 -535 -143 -1182 -328 -1634 -393 -1654
10 -1029 785 -1025 788 -841 791 332 791 630 789 698 786 756 777 756 741 731 737 -844 736
10 -1366 1190 -1352 1033 -1024 1029 -680 1027 -568 1060 -554 1744 -805 1860 -1313 1864 -1376 1702 -1384 1631
3 -723 485 -165 770 833 808
4 619 352 1532 744 1702 -28 754 -198
3 -84 729 7 1295 -125 723
7 901 -199 937 67 1068 87 1097 87 1318 81 1302 -935 949 -944
10 -1415 629 -655 628 660 629 1568 641 1580 680 1601 755 1394 801 964 811 -343 812 -1697 679
7 187 -111 195 1280 267 1310 678 1330 890 1157 882 -1320 396 -1863
3 404 29 389 1739 -389 139
4 -1112 -1356 488 540 875 -181 201 -1431
10 -439 -869 -348 192 22 181 414 96 420 24 428 -1084 419 -1251 399 -1394 380 -1444 -412 -1384
7 319 220 1131 210 1377 215 1491 225 1524 241 1524 304 236 415
9 -742 -1756 -740 -1124 -681 -1124 -647 -1134 -611 -1608 -612 -1676 -616 -1812 -654 -1828 -731 -1826
9 -1078 942 -962 1151 -824 1173 -605 1105 -503 408 -495 85 -491 -750 -499 -1808 -559 -1877
8 -1969 134 -1751 1077 -986 1081 -893 1075 -831 933 -888 190 -926 138 -1775 134
6 -921 47 -887 1024 191 1126 262 169 -877 -870 -913 -617
7 -1294 -1122 -893 -1125 -251 -1100 -275 -1095 -376 -1089 -1216 -1088 -1316 -1090
3 1492 -1385 506 -1342 395 -1357
9 -1948 -1097 -1484 -1747 -1437 1379 -1511 1631 -1701 1765 -1805 1782 -1925 1768 -1931 1558 -1951 846
7 798 -303 854 99 876 102 1782 108 1780 -513 1560 -705 1113 -705
4 -1961 1342 -1767 1731 -1293 112 -1949 -1018
8 -641 -503 -534 -432 364 -428 645 -436 549 -555 203 -556 -537 -557 -601 -539
4 -1051 904 1444 -440 -759 -1563 -985 -703
5 -730 1675 -702 1678 54 1673 53 660 -212 544
7 1787 398 1814 400 1816 538 1815 566 1811 602 1790 604 1784 596
7 -632 1273 -606 1763 -284 1774 27 1770 116 422 -599 434 -621 576
9 -941 363 -849 587 -772 585 -616 552 -612 341 -613 -125 -760 -429 -849 -436 -859 -433
6 553 906 579 1172 1554 1309 1626 1178 1621 699 1594 58
7 936 -1897 1108 -1700 1117 -1478 1143 -282 886 1864 -153 1825 -198 -933
5 1878 -1775 1900 -1654 1964 -1039 1969 8 1599 -1797
9 665 -1139 669 -1147 688 -1173 1346 -1173 1391 -1150 1372 -1111 1228 -1109 730 -1110 663 -1113
8 1308 -1624 1755 -1657 1848 -1629 1900 -1597 1924 720 1917 1085 1081 1046 1076 -1451
3 1447 1609 1134 1166 1125 -883
5 -822 -803 -801 942 -657 -1607 -667 -1776 -816 -1240
3 -1136 -1199 -1026 -1212 -1148 372
4 -1018 -284 -996 1612 -525 -1719 -773 -1811
9 652 810 663 215 720 -206 728 -230 776 -249 1416 635 1417 1695 802 1814 650 1678
6 -1103 1345 -1101 1479 -974 1558 -955 1546 -936 1499 -1086 53
7 -789 -831 -595 -337 -595 -1 -666 89 -787 54 -802 -35 -802 -764
5 -529 888 874 1036 -347 1314 -1788 1273 -1921 1080
3 1661 870 877 1532 -1219 1596
4 -447 -1106 -429 -1009 -53 -1651 -285 -1727
7 -106 1376 246 1788 585 1785 1079 1521 1080 907 1077 -49 -9 -1507
10 839 -817 846 -307 1022 157 1832 139 1853 -373 1846 -909 1826 -1167 1724 -1211 889 -1120 851 -1011
10 -964 471 -952 1203 -703 1337 991 1329 1092 1264 1081 323 987 -299 -121 -313 -644 -317 -947 -69
7 445 -1200 467 -1279 478 -148 477 668 450 1376 441 1114 439 -963
67 -1696 -293 575 254 -1798 -46
99
4 -257 1435 -156 1931 629 1913 644 1454
6 -37 -1534 -33 -1319 1373 -1577 1259 -1589 1132 -1597 393 -1605
3 1105 149 986 1676 -1270 -746
10 -1714 130 1118 78 1829 77 1943 80 1790 578 1575 665 351 710 -864 713 -1754 675 -1768 143
8 158 1240 493 1214 569 1360 559 1811 513 1938 332 1963 162 1967 139 1820
3 424 -521 1436 94 -1151 244
4 685 -1139 699 -575 684 -293 216 -1032
8 -205 -189 -91 -147 256 -136 1096 -146 1513 -445 110 -1045 -51 -1043 -141 -976
4 -791 -7 908 1040 522 -446 -469 -442
4 1701 -1092 1702 -1056 1702 648 1394 -1558
9 379 -594 1437 -701 1579 -586 1640 -360 1663 283 1665 399 1658 667 579 718 351 -390
10 -693 -1032 -323 -1025 -216 -966 -222 -477 -227 -377 -261 -368 -790 -382 -791 -446 -794 -782 -794 -991
7 -1087 -242 -839 1570 -726 1450 -723 254 -723 -343 -1073 -707 -1086 -702
7 -1042 -680 -804 -744 -741 -695 -277 1038 -1301 1690 -1566 1575 -1592 -444
4 -679 -860 91 -124 7 -1620 -670 -1652
5 -1149 -828 -11 460 28 -379 -99 -803 -1013 -847
9 -622 -1519 -487 -1529 338 -1528 582 -1521 640 -1510 348 -895 -67 -893 -645 -910 -676 -1508
7 -1118 -1084 196 -1014 256 -891 265 -288 -891 843 -1461 852 -1601 582
9 -1531 -1530 -1529 -72 -1185 -73 -1079 -75 -1041 -849 -1040 -1138 -1082 -1416 -1137 -1491 -1235 -1542
7 -1132 285 -1093 426 -1072 431 -301 411 -337 -440 -924 -415 -1077 -395
10 1558 1806 1627 1808 1627 1908 1626 1918 1607 1922 1559 1924 1529 1924 1519 1919 1507 1908 1507 1808
10 -680 -925 -645 -520 -540 -370 10 -305 800 -301 1462 -304 1521 -355 1531 -1362 437 -1372 -606 -1343
10 1684 -1686 1701 -1943 1814 -1930 1815 121 1811 459 1801 633 1743 650 1693 611 1690 553 1683 -1213
4 -1643 297 -952 1087 -838 507 -1542 281
10 -156 1051 -39 1075 428 1075 608 1071 621 1069 646 1060 596 1004 515 1003 40 1003 -152 1015
8 352 44 541 48 576 146 580 384 580 1379 439 1751 299 784 299 78
5 1272 -779 1284 -764 1308 417 1305 529 1216 -644
10 -562 32 -562 857 -554 1123 -311 1164 -315 -169 -326 -206 -341 -207 -383 -202 -459 -192 -545 -131
9 -1159 -1371 -157 -1459 1770 -1106 1786 -882 1801 236 1749 439 1324 654 -790 658 -1188 571
3 12 720 1286 -1384 1058 -1391
4 -1373 -456 -1327 -435 -1379 -72 -1379 -259
9 -1134 -56 -829 -57 -819 -40 -865 141 -1168 140 -1188 133 -1192 128 -1198 103 -1198 -31
8 1581 -425 1581 808 1585 936 1604 933 1605 591 1602 -539 1584 -567 1583 -561
3 -1424 544 171 532 -696 432
4 -1697 -1053 -1631 -842 843 -929 914 -1656
10 -711 547 -656 514 188 494 1003 495 1669 1812 1175 1877 -770 1871 -817 1816 -818 1659 -819 780
7 -1389 887 -894 1258 -189 1224 -52 1140 43 801 45 635 -1387 327
7 -1434 -658 -1385 -663 -1354 -149 -1354 722 -1356 1287 -1361 1905 -1464 1827
10 -456 -1345 -365 -975 -209 -956 522 -956 1389 -957 1470 -1354 -112 -1608 -157 -1608 -366 -1607 -392 -1598
8 -1194 -740 -1192 -616 -666 -605 214 -605 1854 -626 1899 -646 881 -1198 253 -1198
6 -104 -1757 -90 -1268 -99 -935 -110 -898 -138 -844 -284 -818
7 -253 -1020 -161 -1017 -133 -997 -109 -847 -133 -805 -510 -807 -603 -1016
4 -1943 1290 65 1488 1 374 -1930 258
3 1441 -1454 1480 -377 1815 -434
8 -209 -1152 -207 -838 -57 -565 1543 -556 1683 -567 1823 -697 555 -1702 -187 -1526
5 -515 16 -103 563 -212 706 -733 674 -901 32
5 -487 1329 147 -460 100 -1828 -180 -1872 -484 -1895
3 379 -1657 190 505 -603 -1165
5 -375 -521 -141 276 -443 329 -1506 301 -1906 -488
9 -1446 -380 -1373 -311 -594 -309 365 -317 415 -374 415 -566 384 -758 243 -787 -244 -797
7 -501 -1434 -500 -1119 -500 -57 -501 63 -518 116 -524 126 -525 -1507
3 216 46 218 497 703 939
6 -1487 -103 -1468 -1079 -1345 -1356 -345 -1241 -1182 1385 -1490 966
6 -1967 1686 -1914 1983 -557 1986 -218 1628 -305 1333 -1966 1344
5 517 775 785 773 835 754 608 -1493 522 -1463
5 -1693 680 -1278 686 486 691 -1417 409 -1521 410
10 386 -1726 1578 -1728 1733 -1664 1738 -1609 1732 -644 1682 -131 1562 165 287 170 250 113 159 -517
9 -1557 867 -1322 936 -936 980 -347 1027 1284 975 1279 -836 637 -1038 -1538 -863 -1544 -844
7 -897 123 -845 168 -445 169 455 -946 407 -959 -677 -960 -816 -950
9 1192 227 1412 367 1437 366 1482 361 1488 335 1477 204 1304 202 1205 205 1195 221
7 -1402 641 -1012 1443 -893 1454 126 1471 221 1472 1343 1139 1395 256
4 -484 -1503 840 -1507 1081 -1547 -414 -1688
8 -1396 -903 -1175 -620 1022 -823 1027 -1092 1027 -1184 773 -1209 -486 -1210 -1294 -1208
5 -1351 1813 1145 1579 1141 524 988 396 -69 390
4 -10 -20 430 -1120 48 -1062 37 -1017
7 -1260 -1817 -1240 -1825 -1043 -1839 -946 -1794 -942 -998 -1130 -391 -1261 -453
3 -1494 -368 -320 -229 -1677 1216
4 -896 -1005 1139 -632 1139 -756 -57 -1055
8 716 -1563 986 -1555 1018 -447 996 888 923 948 561 887 532 674 529 -785
8 -1669 1261 -1650 1651 -1255 1734 -969 1787 602 1274 606 1254 611 26 407 -160
8 767 107 954 115 1166 1374 1116 1701 628 1788 203 1788 120 1504 93 192
8 1677 1037 1683 1408 1961 1323 1962 916 1962 461 1805 100 1683 133 1679 344
3 1574 -1041 1737 -785 -199 -792
4 1442 1095 1514 1728 1028 1767 -1126 1774
7 -1946 -1771 -1380 453 -1429 641 -1679 638 -1923 538 -1947 -212 -1949 -1378
3 102 -1712 -1019 -1594 -1045 -1706
10 -241 88 -203 -152 712 -434 782 -412 867 -373 859 1002 857 1044 834 1166 73 1263 -254 1167
6 78 -84 800 -508 793 -595 722 -989 529 -973 331 -928
10 1381 128 1412 609 1625 617 1767 457 1775 354 1775 107 1770 -61 1762 -123 1633 -147 1401 -105
7 -1691 -1452 -1611 352 -1112 256 -1117 -821 -1157 -1333 -1299 -1485 -1634 -1484
7 -970 79 -615 186 1161 266 1379 246 1596 16 1538 -945 477 -962
7 -1212 509 -1174 1168 -1106 1261 -634 1262 -403 1259 -250 840 -492 -245
5 572 262 1492 291 1581 266 1382 255 1222 251
4 537 -1206 603 1028 -495 1125 -696 552
8 449 -789 547 -1067 617 -1070 737 -1071 1579 -257 1583 56 1586 853 430 562
3 415 -1111 661 -1184 751 -1416
4 -1672 721 -823 1313 -506 1255 -453 1103
10 -1770 332 -782 252 -51 287 32 321 86 396 92 1878 -1228 1926 -1599 1883 -1656 1846 -1800 566
7 -1226 472 -1221 580 -1216 642 -1158 607 -1160 -951 -1168 -1046 -1222 -1041
7 -839 -1839 -745 -1096 -739 -745 -739 -389 -763 -115 -910 -110 -1168 -1794
7 -773 235 940 227 1930 395 1918 646 887 695 -380 689 -1278 241
6 -1482 497 -1349 445 -538 572 -627 853 -1515 844 -1518 649
3 -840 1596 1001 1582 1037 -1708
9 -1852 322 -1846 321 -1789 320 -1494 332 -1425 341 -1429 1382 -1578 1403 -1887 1359 -1893 953
10 -628 -1163 431 -821 552 -823 899 -834 1046 -870 1054 -882 1073 -1385 -331 -1382 -337 -1381 -512 -1328
7 -1025 -422 720 -406 747 -419 773 -457 735 -483 113 -498 -445 -499
9 -1743 1205 -1583 1415 -1007 1429 1886 1381 1919 1288 1918 1200 1896 1195 1816 1178 1582 1170
7 -909 -124 -896 1445 -891 1697 -863 1810 -520 1799 -57 1769 -60 -496
4 -1062 -801 523 -505 -937 279 -1151 200
100 -1550 -1027 153 1586 -1654 1030
63
3 -1241 -555 -1135 -1976 -1237 -1652
6 -489 772 772 1360 1005 1271 1078 1004 963 -1530 -198 -1490
5 -1628 1146 -1588 1242 -1377 1203 -1317 1161 -1316 587
6 -239 -324 1540 -319 1557 278 -320 974 -650 808 -684 86
7 -126 995 461 1166 1477 1092 1766 720 -24 -1164 -106 -105 -122 691
8 -1251 -127 -959 -103 -26 -106 120 -112 367 -123 390 -153 315 -543 -500 -551
3 -1503 432 -786 848 1075 -1375
3 962 571 -557 1379 -625 521
3 -870 -636 -457 -845 -861 -718
5 -1140 -1249 -816 -780 -923 210 -1926 -404 -1934 -580
10 721 -704 724 1912 737 1953 745 1962 829 1992 1015 1824 1021 -972 993 -1067 861 -1083 735 -1058
5 -1764 -1527 75 -899 43 -886 -631 -837 -1817 -1343
7 -693 -1389 -366 -1486 -3 -1496 1708 -1088 1667 -910 -25 -841 -758 -846
3 -1382 -1520 -1370 -1434 329 -1456
5 -585 -288 -463 1075 862 1066 930 1002 927 10
3 1677 -629 1700 -4 1641 -844
6 -1700 -952 -1579 -977 -1516 -990 -1215 -772 -1896 -306 -1923 -559
5 -1720 1718 -1458 1663 1992 1830 1633 1984 -1841 1849
3 399 -1398 1204 -838 818 -1710
10 -1924 -253 -1890 -178 -1737 -47 -1611 -10 789 -18 858 -291 851 -405 -725 -553 -1757 -549 -1891 -499
7 -339 1095 -323 1291 -292 1279 -211 1236 -201 1054 -195 648 -193 -1178
10 -1179 343 -765 465 1764 426 1766 -72 1735 -1053 1698 -1177 -469 -1198 -944 -1185 -1137 -1161 -1168 -612
4 -602 -1169 -222 -1220 1364 -1055 -689 -805
4 26 806 36 1255 -138 1234 -141 1184
6 163 960 471 1246 470 1409 461 1590 405 1779 159 1750
3 1212 1150 1195 1950 1070 1139
7 -1690 146 -1568 796 -1555 698 -1552 206 -1555 168 -1577 81 -1659 82
4 1366 339 1395 996 1411 1011 1475 -61
9 -1203 -1470 -1203 -582 -1081 -337 -1010 -338 -896 -340 -829 -838 -832 -1246 -882 -1662 -993 -1681
6 1711 818 1714 815 1766 823 1766 843 1757 864 1709 863
9 255 1499 259 1758 383 1840 1679 1846 1711 1828 1705 1389 1674 1291 1552 1289 280 1362
5 127 -304 866 290 1090 269 1107 237 1132 -116
10 -1714 -1690 -1706 -1212 -900 -1177 -854 -1196 -823 -1327 -816 -1425 -819 -1477 -839 -1707 -849 -1787 -1707 -1812
8 -408 -197 104 724 533 723 554 722 878 610 911 519 918 459 917 -206
6 -1090 -880 -1055 -880 153 -884 156 -899 154 -902 105 -921
8 -663 -670 -661 -418 -586 844 -539 895 118 885 147 150 155 -330 155 -690
4 -744 -1051 -741 652 -704 781 -721 -1234
7 -1361 171 -1331 754 -616 677 -595 646 -590 -610 -799 -1165 -1124 -1170
5 -1406 1928 -1143 1965 -741 1700 -743 1343 -1395 1390
10 -928 217 -597 166 1366 162 1475 372 1433 1226 1422 1283 865 1599 47 1636 -1015 771 -1033 345
10 1622 -402 1674 -403 1726 -395 1901 -361 1933 -297 1947 -239 1959 -109 1958 460 1706 578 1618 -309
6 -1047 -275 936 1344 836 1428 -642 1459 -1037 1332 -1084 429
9 -1592 -331 -1587 128 -1576 263 -1478 340 -1313 333 -1306 40 -1306 -1306 -1332 -1420 -1586 -1513
5 -1236 222 1177 360 833 369 -1273 302 -1294 227
5 -941 621 -924 1063 655 1112 -33 559 -814 572
9 -1665 810 -1447 1654 1248 1641 1282 1602 1571 1235 1576 1057 1492 -747 1010 -809 -1570 60
6 22 417 125 558 181 599 544 594 616 480 672 -810
4 -976 -954 -882 -54 -905 473 -983 -697
4 -191 -1568 76 -1266 196 -1072 -911 -1550
10 21 -1149 23 -364 105 -231 122 -227 243 -225 517 -226 519 -642 519 -1829 459 -1873 44 -1850
4 -1092 -543 -824 -383 816 -1805 501 -1903
3 -491 -281 888 -677 -508 -196
3 -1024 1309 -90 889 -760 940
10 767 -279 853 -970 1019 -962 1265 -898 1287 -259 1283 1808 1144 1837 1028 1836 853 1816 762 1714
10 -1978 1681 -1975 1758 -1847 1771 -699 1763 -629 1756 -503 1677 -500 -934 -673 -1595 -749 -1678 -1974 -1678
5 -575 104 -569 948 -538 1002 -288 1005 -197 -206
8 1093 -95 1093 602 1094 731 1172 825 1224 764 1225 367 1223 -853 1096 -889
4 1219 10 1509 -141 1490 -979 1473 -1715
3 -968 -1052 -183 -978 -1879 -245
10 -1381 -371 21 -280 299 -282 652 -291 655 -295 665 -346 665 -381 598 -473 -89 -490 -1373 -477
4 -1025 -1204 -781 -1199 -736 -1116 -1578 -1182
4 -1851 139 -266 -1584 -945 -1912 -1681 -1883
8 750 -391 751 -435 767 -606 775 -601 806 -537 815 -27 805 1006 748 968
20 -672 -421 -569 993 1187 619
64
4 148 1054 322 1084 874 1055 191 -888
5 446 -1505 1232 -1463 1232 -570 1096 -422 -596 -425
7 -952 -840 -524 -823 -514 -834 -518 -837 -545 -841 -660 -842 -869 -842
6 1494 -860 1570 -825 1605 -823 1670 -824 1692 -958 1686 -1307
6 864 -1221 918 -1232 1357 -1232 1619 901 1486 1348 863 -727
3 -1000 -527 -14 1698 1017 252
10 82 600 95 599 978 599 1312 600 1493 616 1455 636 1096 637 150 637 111 635 79 628
5 188 456 190 1394 299 1361 299 1205 193 349
3 -1124 -1668 -666 -1611 1097 -1615
10 -1489 -1097 -675 -1160 83 -1142 791 -1113 810 941 -204 962 -1684 958 -1687 763 -1698 -390 -1702 -860
10 1352 -615 1353 -406 1359 -202 1360 -177 1395 -135 1641 -143 1645 -468 1565 -970 1359 -959 1353 -861
4 -1076 1628 -371 1057 -346 -361 -638 -1036
9 199 -1772 316 -1803 1525 -1882 1757 -1865 1760 -1443 1714 -789 1309 -709 190 -722 137 -1601
7 -1331 -230 567 509 1016 264 1092 -444 1101 -737 1101 -865 821 -1788
10 -1559 1132 -1554 1432 -1448 1682 -455 1706 542 1697 1241 1637 1439 1066 -465 882 -1223 886 -1519 926
3 223 215 656 577 895 481
9 -1421 705 -1421 827 -1417 881 -1325 938 -787 854 -921 610 -1113 608 -1302 608 -1420 656
5 -1754 -1826 -1167 -1324 -1431 921 -1752 973 -1773 471
8 1008 -958 1043 -749 1061 159 1052 516 947 547 59 615 -411 546 -757 -567
3 678 -468 682 438 -432 -918
6 -844 -380 -837 -230 -829 313 -1519 432 -1568 423 -1569 -388
8 712 162 728 752 741 781 952 806 1823 754 1809 -1396 1355 -1544 755 -1425
6 609 -1715 688 -1718 806 -400 796 -325 720 -219 566 -1665
8 -1032 -1616 1700 -989 1701 -208 1682 141 1512 356 1385 363 -1058 115 -1087 -1024
9 422 -179 517 -153 523 -54 522 567 520 837 508 850 424 878 412 862 412 -148
7 724 -907 804 -1017 1087 -1006 1057 -571 726 -568 718 -569 718 -661
5 733 -78 -758 -78 -1108 -80 -1213 -86 -1228 -154
8 -1522 -594 -1485 -555 -589 -572 -559 -740 -561 -798 -629 -814 -1157 -816 -1517 -814
3 71 -908 -8 1265 -802 -395
9 -1764 87 -766 1109 -670 1062 -662 -39 -802 -257 -1338 -259 -1599 -258 -1675 -237 -1742 -209
8 -550 1088 1051 1701 1061 425 984 -155 973 -166 852 -217 220 -246 -515 -128
8 1670 -1455 1701 -1550 1853 -929 1858 521 1855 609 1711 604 1669 503 1663 209
4 1396 1109 780 1118 232 1094 -174 1019
3 -605 -1363 -487 -488 -729 -1349
7 -617 -1061 -460 -1124 1261 64 1255 103 790 101 -608 84 -622 -956
7 226 -257 281 -326 713 91 712 996 699 1661 332 1689 214 -130
8 1575 -1935 1707 -1261 1706 1448 1683 1728 1606 1729 1582 1635 1564 225 1564 -1743
9 -790 -869 -752 509 -597 695 412 249 413 65 403 -764 182 -998 -603 -977 -748 -965
3 -1922 213 -1889 1482 -831 -1020
7 1214 940 1213 1666 1186 1789 1131 1810 1095 1823 1078 1816 1061 1742
6 -1209 -1422 155 363 803 156 779 -1135 702 -1319 623 -1441
10 -841 -1402 -825 -1419 -593 -1461 -307 -1268 -301 -79 -316 1038 -516 1375 -845 1324 -852 994 -853 870
9 -690 -1231 -313 -1215 -264 -1163 -252 -1042 -246 -621 -261 -55 -700 -195 -708 -255 -712 -1002
5 976 -966 1356 -1282 1294 1779 976 1597 970 708
7 346 -225 719 -174 765 -70 767 1203 534 1572 338 1552 318 166
5 -1259 138 -1063 171 -641 146 -536 137 -880 -718
3 1434 1011 380 1029 -372 24
4 -482 601 -90 567 -29 182 -147 -421
3 -499 423 -559 571 -995 -850
5 1142 -1426 1159 -656 651 -400 -452 -398 -533 -1257
7 -600 455 446 1440 1119 1440 1230 1043 1241 946 1076 385 -60 385
5 -1364 -725 -1226 0 1618 -75 1561 -641 -599 -957
5 190 275 343 547 451 -593 337 -609 201 -460
6 -1813 -637 -1219 -656 -1213 -233 -1748 1814 -1822 1009 -1825 -264
5 -654 -705 -561 -889 815 -579 -173 1897 -657 1618
3 -758 18 -1122 458 -1270 81
3 -1119 520 1424 455 -940 287
9 -1913 -1638 -1867 -1640 -1398 -1642 -839 -1643 -818 -1642 -785 -1630 -823 -1562 -1909 -1562 -1964 -1574
9 -238 -107 -225 465 982 466 1074 466 1073 232 1057 -892 361 -898 -15 -897 -237 -711
10 1918 -1400 1918 -1059 1919 -1001 1922 -947 1924 -942 1933 -941 1947 -956 1949 -968 1941 -1415 1925 -1422
7 -1491 -1632 -1458 1070 -1127 1267 151 1306 683 1222 936 864 959 -797
7 -1945 -1320 -1933 -468 -745 -243 728 -241 1763 -298 1938 -1425 -1737 -1435
5 -1177 -1509 -878 -1512 -625 -866 -627 -158 -1338 -1186
9 -221 893 -221 1141 121 1301 540 1301 796 1299 839 1268 185 690 -143 695 -198 731
100 -722 272 -710 1253 -256 -1036
78
8 497 -1553 499 -1383 428 922 208 992 -38 1057 -727 1040 -867 935 -909 872
6 -1918 -1268 -1766 -1379 -1753 -108 -1797 1338 -1901 1322 -1920 1167
3 -706 1034 -684 1328 -686 445
5 1121 1175 1552 1157 1977 543 1976 534 1904 223
5 -1027 -1187 -844 -839 -843 105 -1029 165 -1029 -804
7 -1813 -533 -1775 998 161 1002 291 138 266 -211 -9 -496 -1060 -528
8 -781 782 -775 1060 -731 1065 -644 1053 -606 198 -609 120 -646 104 -767 102
3 477 352 1121 315 1061 -101
7 -1182 -1751 -760 -1873 1125 -1883 1255 629 -997 516 -1141 489 -1193 225
8 -959 -1404 -752 -1415 1145 -1426 1332 -1415 1952 -1196 1921 -1151 1013 -1117 -1125 -1275
3 -1499 231 -501 745 -1481 -1604
6 -1160 121 -1123 693 -844 771 -740 710 -729 445 -720 -462
8 -1312 538 -931 491 -279 492 -268 582 -270 651 -278 798 -1338 810 -1345 568
10 -1192 303 -558 893 376 887 1340 875 1608 -862 1604 -1570 1499 -1820 867 -1928 -119 -1909 -314 -1903
6 -576 -1819 -138 -1823 -101 -1732 -137 -1721 -590 -1726 -594 -1778
4 -1709 884 -1270 1327 -1110 611 -1572 730
10 -407 298 -393 306 7 309 285 310 583 308 764 304 801 210 795 100 787 73 770 45
10 1500 -1920 1776 -1922 1780 -1230 1780 -828 1778 1558 1774 1783 1629 1974 1559 1967 1516 1883 1496 -1884
7 -590 -1403 -519 -1019 -214 -953 113 -952 1369 -952 1725 -1293 1712 -1356
5 -307 868 90 1823 989 1821 1244 1289 248 852
3 -1650 1381 -1231 1421 -1735 1434
7 1285 497 1517 551 1520 749 1473 1047 1358 1057 1302 1055 1281 1003
10 786 -304 787 -265 789 -188 794 -116 867 -116 882 -127 883 -1049 838 -1070 808 -1056 789 -1028
3 749 801 1015 759 1021 625
7 -1473 -501 1357 -272 1471 -292 1529 -397 -197 -512 -593 -513 -1296 -510
4 -1178 1282 -1173 1320 -1157 1234 -1168 1239
5 -1896 1206 -1762 1913 712 1443 694 1241 56 1177
3 -472 -439 588 -572 685 -1532
10 -24 -1611 -18 -1659 4 -1657 8 -1246 8 1368 6 1790 4 1896 -26 1860 -28 1558 -28 -1439
6 493 -1518 1736 -774 1724 828 1704 1229 807 1398 -311 -1271
9 311 754 1469 756 1509 942 1412 950 1095 953 -1217 954 -1444 937 -1452 923 -1454 754
5 -978 -549 844 -541 -70 -366 -960 -368 -1060 -532
9 -1780 188 -1780 1148 -1759 1516 -1454 1592 -1167 1607 -907 76 -1017 20 -1664 6 -1777 142
8 569 -506 621 -421 623 -354 637 888 632 1219 607 1691 -405 1627 -416 1528
6 -1589 953 -322 999 -56 949 -23 525 -65 494 -461 446
8 672 -1451 1367 -713 1390 -825 1423 -998 1263 -1519 1157 -1519 804 -1516 706 -1497
7 -1077 1761 1778 1329 1794 834 1753 343 1465 -943 -865 -1000 -1018 -924
5 1615 635 1013 685 -613 647 -652 -281 -656 -1651
3 1809 604 1807 820 1700 925
7 -1086 -836 -1076 1642 -656 1638 -642 528 -709 -862 -820 -904 -1069 -854
6 -947 616 84 616 1193 636 1275 689 1259 777 -1044 665
3 1464 -1192 1427 -1149 1325 -1354
9 1138 -748 1565 -850 1594 -840 1578 -55 1549 37 1330 71 1202 61 1129 34 1127 -680
5 -271 -341 -263 73 16 154 482 113 489 -342
9 -1393 839 -1316 1598 -1246 1835 660 1853 935 1815 936 -845 900 -1020 -1232 -1033 -1381 -806
3 249 32 -1622 48 -1655 -665
7 -326 -824 -268 -761 353 -762 383 -785 347 -983 186 -987 -291 -975
6 507 -1215 512 -1025 510 -440 77 -417 54 -518 51 -752
3 -734 1374 -861 1581 -918 1594
8 -1659 435 -1575 430 -1398 429 -659 1084 -720 1691 -748 1765 -1222 1814 -1819 793
9 -859 -1228 -657 -1260 96 -1270 784 -1095 798 -952 764 -839 709 -677 456 -653 -996 -802
3 1382 -1076 1317 362 -1437 -793
8 -1374 796 -1267 1109 -860 1138 -515 1148 -315 1096 -336 -263 -947 -291 -1343 -272
9 1614 -905 1614 282 1615 312 1636 396 1641 394 1648 390 1662 356 1659 -926 1623 -957
5 -418 -1131 358 -623 273 -453 -405 -434 -434 -1096
5 1093 1299 950 1301 402 1298 348 1296 292 1289
3 -350 -1149 173 -971 -19 -1173
10 -1287 -242 -1287 518 -1167 1216 603 1202 1321 1177 1333 993 1302 -358 1229 -393 846 -464 -1281 -484
7 -217 1281 216 1561 505 1554 708 1446 693 474 619 262 -202 211
10 -1325 1112 -1255 1116 -1183 1118 -1052 1118 -688 1117 -247 1115 -122 1096 -119 994 -268 938 -876 938
4 757 313 1048 313 1051 303 831 285
6 -1837 771 -1815 1121 -1672 1181 -1129 148 -1639 -1551 -1737 -1527
8 -737 669 -681 1264 154 1312 1144 321 -519 -120 -669 -96 -688 -9 -692 42
6 292 -284 721 -297 818 84 408 106 222 35 215 -56
7 -647 1361 -644 1754 -530 1754 -512 1753 -159 1726 -237 1359 -348 1358
10 -1073 1126 -1067 1045 -44 1038 1337 1047 1357 1060 1372 1339 -566 1358 -962 1356 -1019 1337 -1074 1280
9 1830 -1251 1855 -235 1873 -229 1934 -230 1944 -816 1938 -1332 1936 -1360 1919 -1364 1841 -1289
5 -717 -1117 293 -292 312 -644 324 -1168 -489 -1165
3 1262 -1902 1291 -1874 1495 -1890
5 -649 -65 348 -141 1206 1447 -644 1967 -730 1799
3 -327 -1868 394 -1713 -445 -1377
4 -634 -1358 -602 -1423 -653 -438 -665 -1035
8 989 430 1055 422 1713 409 1840 411 1914 999 960 1143 933 951 919 489
4 323 -425 424 -382 1061 -945 736 -1346
10 744 1664 753 1689 758 1694 823 1702 985 1696 996 1644 968 1193 843 1194 781 1198 756 1200
6 -565 1799 -558 1611 -493 1607 -453 1850 -553 1936 -568 1908
7 -1398 -596 -1370 -672 -1298 -737 -999 259 -1003 512 -1405 305 -1405 188
4 318 -833 315 -417 301 -133 -1027 117
52 -1846 1811 -1365 1858 -496 706
69
8 -1426 68 -1410 217 -700 258 -143 -556 -170 -611 -766 -627 -1224 -612 -1413 -590
6 -194 439 -179 1623 -145 1736 93 1635 141 1397 -184 -1558
3 1405 255 1558 185 1479 117
4 -1150 916 -869 1023 98 1016 -92 770
3 999 -572 1391 474 -1457 441
7 -1337 -246 -1284 -185 -1150 -165 -905 -161 847 -160 905 -167 -1336 -301
8 -1456 -885 359 -898 1053 -711 -136 -711 -828 -714 -1209 -718 -1550 -774 -1583 -865
6 -1806 -1943 -1204 -1786 -1707 -1772 -1796 -1774 -1820 -1792 -1840 -1851
4 -372 -786 1375 1729 1418 -240 1179 -862
9 -1216 -1260 -1211 -1617 -995 -1870 48 -1860 117 -1827 173 -1775 249 -1604 255 -1579 -1217 -744
7 -789 -980 750 -535 767 -696 768 -811 747 -940 678 -983 -611 -1005
7 -647 -1629 -196 -1611 -123 -1354 -234 -374 -597 -358 -760 -365 -810 -1507
3 600 64 1428 379 1228 67
6 1148 -1493 130 485 -669 455 -941 282 -1048 -152 -1097 -1231
9 -1200 199 -985 60 24 49 242 56 614 935 547 995 -61 1007 -1076 960 -1216 427
5 984 -1333 1164 443 549 460 515 396 512 -359
10 731 758 732 1306 875 1398 941 1385 944 1367 950 1054 944 622 936 576 908 572 743 576
9 -792 -474 -543 -382 -47 -313 1421 -303 1617 -682 1680 -918 1693 -1256 1624 -1833 920 -1841
9 -1673 -1397 -1445 -1130 416 -1139 536 -1159 435 -1534 -622 -1537 -1109 -1538 -1592 -1533 -1665 -1475
3 -1722 1567 -24 1565 691 -1187
8 -636 -448 -561 -158 89 -148 576 -366 516 -503 388 -505 -18 -508 -493 -502
8 -1965 522 -1908 490 -1201 440 -451 581 -448 666 -476 776 -498 839 -1973 751
9 588 -113 691 -141 776 -141 924 386 918 896 893 943 697 934 608 900 577 52
10 -1978 -1781 -1977 -1239 -1741 -1098 -1328 -1103 -1191 -1106 -1146 -1436 -1145 -1821 -1155 -1846 -1375 -1866 -1928 -1867
7 -1617 -1810 -1582 -1735 -1583 -1731 -1585 -1725 -1596 -1721 -1673 -1722 -1675 -1739
9 -1864 1717 -1587 1714 -239 1717 -227 1780 -330 1799 -1183 1799 -1692 1798 -1885 1794 -1900 1749
7 -1536 -1677 -1420 -965 -1310 -972 -1289 -1001 -1337 -1664 -1460 -1678 -1484 -1679
8 189 -1321 195 -1415 243 -1381 246 248 224 376 193 381 190 363 186 113
9 704 203 722 225 774 467 744 872 687 1010 625 1069 398 1065 -161 1047 -166 485
6 -640 -1339 17 -1348 159 -1340 137 -1154 -600 -1108 -641 -1278
5 372 888 601 894 615 1202 149 1212 99 941
5 -550 -1870 429 -1870 468 -1871 476 -1872 477 -1873
5 -952 -563 -874 991 700 980 1044 876 100 -666
9 -1743 -1229 -1739 -1158 -1733 -1147 -1512 -1136 -1320 -1133 1100 -1133 1253 -1161 1280 -1222 -1609 -1257
5 -951 -836 23 -1490 706 -1530 65 1625 -987 -40
7 -211 719 221 1323 659 1304 688 960 665 783 616 754 271 724
6 -593 -860 123 308 230 297 785 209 556 -1655 -142 -1658
6 -1414 -236 -1081 -201 -1030 -264 -1006 -1237 -1027 -1339 -1165 -1343
9 -942 625 -940 1268 -852 1621 -27 1581 41 1392 46 708 31 453 -539 435 -701 436
9 240 -289 284 97 859 63 864 -15 871 -297 874 -635 855 -694 757 -696 266 -695
7 75 -873 123 -1051 770 -1088 997 -1059 998 -192 102 -224 56 -260
4 893 -845 892 -818 845 -818 841 -828
3 -1741 1101 -1639 1661 -633 20
5 -996 -753 1394 -729 1110 -354 -948 -418 -1047 -500
4 -1714 1530 -1668 1702 612 1017 -1706 -235
6 -381 820 66 1347 1472 1350 1540 1261 1674 699 1187 -1849
7 -1441 -42 -757 -23 -644 210 -637 541 -675 930 -1571 930 -1574 135
4 -1713 -1594 -319 -1534 -1859 -715 -1935 -1507
3 1144 -430 1492 -323 498 -530
9 1038 302 1054 403 1159 496 1794 479 1805 -426 1799 -695 1166 -973 1057 -933 1041 -509
9 -716 20 -250 -18 1077 -30 1202 -15 1306 271 1308 1637 158 1638 -667 1621 -880 1385
6 102 -1278 1749 -1246 1767 -671 1683 1337 1257 1516 -399 -1256
8 43 -1584 54 -1459 327 -1409 370 -1406 1154 -1407 1253 -1418 1295 -1427 1269 -1675
8 -486 208 -96 1309 324 1345 786 1371 1810 662 1813 -589 1689 -859 -478 -304
7 -141 -1149 -141 -621 -139 -481 -105 -348 -96 -1158 -97 -1170 -103 -1230
7 -220 694 -207 724 -172 753 119 755 295 718 -165 288 -217 366
7 -877 960 -321 956 -165 957 599 964 865 1033 -1091 1487 -1131 1221
4 -1828 994 1289 1148 1627 -1676 -1775 -743
9 -1129 635 -1019 668 -907 681 -70 555 -63 505 -59 324 -57 -5 -207 -41 -1109 -13
4 -1131 -1452 -971 -344 1189 -1763 -923 -1655
4 -1161 -392 843 1082 983 -766 -415 -796
7 -1623 -1056 -1588 1213 -1569 1683 5 246 2 -962 -65 -1560 -1576 -1650
3 -296 -550 724 -551 -1031 -398
7 -1778 -142 -1771 791 -1530 912 -1167 895 -1174 -1210 -1218 -1245 -1545 -1279
7 -554 -990 -494 -1037 -296 -1062 1282 -454 1108 -355 1059 -331 -625 -880
10 -1920 -759 -1908 -582 -1822 -544 -1581 -535 -668 -536 12 -544 -47 -841 -120 -867 -1429 -866 -1858 -861
9 117 28 118 1127 262 1222 293 1080 304 974 302 -1542 236 -1755 120 -1757 119 -1684
9 -199 -609 -193 993 -182 1479 314 1586 357 1294 390 988 404 836 422 -668 -184 -875
10 -1460 1571 -1408 1651 -859 1663 1596 1661 1647 1629 1644 1406 1503 1382 1366 1378 -810 1373 -1413 1394
